71262	3.05
71269	3.75
71275	4.77
71279	7.92
71301	4.20
71302	3.91
71323	11.67
71324	1.32
71326	2.29
71335	1.75
71344	4.36
71349	1.62
71352	11.12
71354	0.72
71357	28.39
71384	5.83
71402	3.92
71409	12.62
71411	6.64
71415	14.06
71461	15.77
71467	0.33
71472	1.47
71495	23.81
71496	0.86
71508	10.57
71523	0.51
71535	1.03
71541	15.13
71545	4.79
71547	3.74
71549	0.15
71559	0.22
71571	7.13
71596	21.11
71615	14.85
71619	5.65
71632	2.04
71635	20.69
71646	29.48
71675	66.41
71697	3.50
71702	26.28
71708	63.90
71709	1.60
71710	8.29
71716	1.49
71717	1.28
71720	4.09
71730	0.46
71732	2.53
71733	5.30
71736	15.78
71740	2.17
71746	1.95
71750	1.28
71758	11.57
71776	6.78
71792	1.72
71797	30.24
71801	0.51
71806	16.02
71816	1.21
71820	1.21
71829	15.00
71831	2.60
71852	33.09
71857	12.14
71871	2.41
71880	1.17
71882	0.59
71883	0.65
71884	5.69
71885	6.92
71887	2.53
71892	8.04
71895	3.32
71902	1.35
71903	0.95
71904	3.36
71905	22.14
71906	2.04
71909	0.83
71917	2.33
71925	12.81
71930	0.50
71934	2.55
71963	0.30
71972	1.32
71976	0.61
71978	1.16
71979	2.20
71987	3.91
71995	9.34
72001	3.56
72003	1.78
72007	6.16
72023	0.36
72026	8.44
72028	3.47
72030	1.42
72032	1.78
72053	0.96
72057	2.14
72064	0.87
72073	0.91
72081	1.01
72103	36.48
72107	8.56
72119	1.30
72122	4.04
72126	5.17
72130	3.33
72141	5.49
72143	3.05
72152	3.96
72154	3.51
72155	61.49
72160	4.99
72161	11.49
72166	7.12
72167	5.17
72171	2.49
72175	6.16
72178	8.12
72179	3.83
72181	13.93
72188	4.74
72212	4.50
72232	11.17
72233	5.98
72258	2.66
72260	3.08
72263	0.65
72269	4.44
72274	5.41
72283	0.24
72285	4.22
72289	1.74
72299	4.91
72314	53.09
72321	6.64
72336	4.93
72344	1.15
72347	2.13
72350	6.47
72358	6.62
72359	3.22
72380	11.66
72387	0.91
72392	1.31
72402	2.58
72416	3.96
72423	0.17
72426	0.47
72441	0.80
72442	8.69
72447	3.13
72450	0.46
72457	2.09
72460	8.06
72462	2.44
72467	2.31
72469	11.51
72560	4.21
72572	13.51
72588	3.38
72596	4.07
72601	3.95
72611	3.05
72616	4.97
72637	3.08
72659	6.36
72666	10.49
72694	22.15
72697	4.93
72709	16.90
72711	12.37
72714	80.24
72715	57.08
72721	1.14
72722	3.49
72732	3.96
72745	0.18
72762	12.47
72790	0.12
72800	21.03
72811	0.10
72820	0.42
72831	3.42
72865	19.95
72885	4.30
72965	9.23
72970	24.49
72980	0.96
72998	8.98
73008	11.44
73021	8.33
73025	43.22
73043	53.44
73071	18.47
73079	3.17
73086	14.66
73090	37.33
73093	13.64
73099	12.00
73177	104.74
73191	4.21
73206	17.68
73210	4.13
73220	3.18
73337	2.70
73341	3.21
73354	11.91
73408	8.16
73411	1.48
73414	4.33
73544	2.56
73547	1.15
73550	4.45
73555	3.99
73560	2.99
73565	4.42
73574	1.84
73586	1.99
73731	8.43
73773	4.24
73774	7.49
73775	2.98
73823	67.81
73853	40.22
73880	5.96
73905	4.86
73934	14.48
73941	1.21
73954	4.56
73961	22.31
73981	24.84
73986	59.68
73990	11.17
74008	1.61
74238	1.28
74257	4.36
74263	6.15
74271	2.37
74277	0.40
74296	0.25
74299	0.67
74417	22.95
74435	58.40
74467	25.89
74484	3.41
74539	0.14
74546	5.85
74551	0.33
74554	0.60
74588	4.19
74591	0.31
74611	0.31
74620	2.26
74636	0.41
74639	11.35
74809	1.62
74965	0.17
74967	0.88
74969	0.10
74994	8.45
75030	0.76
75140	7.78
75142	3.12
75153	1.45
75244	33.30
75633	1.08
75634	34.55
75638	27.83
75643	17.73
75649	15.29
75650	4.90
75653	4.24
75656	4.65
75659	1.14
75666	12.91
75669	1.08
75670	1.68
75684	3.64
75690	7.10
75701	2.93
75703	0.50
75705	11.95
75714	1.66
75715	2.28
75716	0.90
75717	1.58
75732	0.56
75735	0.72
75736	1.70
75738	1.66
75755	1.64
75756	0.72
75765	0.52
75782	13.58
75783	1.08
75790	3.84
75791	0.91
75793	4.49
75801	1.83
75809	109.77
75810	1.54
75819	2.66
75823	0.73
75824	0.27
75827	3.10
75830	0.56
75833	4.49
75834	25.29
75839	2.35
75840	3.76
75849	1.71
75851	2.52
75861	13.43
75866	9.55
75868	14.63
75870	4.19
75891	12.07
75892	3.58
75903	2.82
75921	28.45
75922	2.31
75943	5.33
75956	2.26
75960	3.25
75963	9.15
75964	79.67
75965	1.29
75967	1.17
75969	1.32
75970	3.67
75974	1.78
75984	39.58
75993	2.81
76016	20.68
76017	3.95
76035	5.42
76071	5.29
76081	0.96
76088	7.25
76096	0.54
76106	0.30
76107	13.04
76116	0.04
76161	1.83
76162	3.10
76170	5.77
76171	6.35
76180	0.12
76181	7.35
76226	2.08
76227	0.25
76238	0.21
76293	11.52
76308	11.60
76325	8.21
76372	3.79
76373	12.81
76375	4.06
76411	31.80
76414	13.18
76419	91.66
76452	0.59
76544	0.89
76549	1.21
76555	1.12
76566	54.72
76567	20.02
76568	42.77
76608	0.46
76613	0.38
76765	1.04
78057	4.85
78110	12.91
78120	2.76
78124	13.91
78163	1.40
78169	5.06
78186	9.82
78198	8.77
78201	1.19
78232	12.26
78240	13.72
78241	14.01
78263	6.94
78272	5.42
78285	10.59
78286	10.29
78287	8.34
78288	10.28
78312	21.05
78328	8.68
78331	5.88
78349	13.40
78352	21.39
78382	5.59
78384	13.20
78443	11.95
78451	11.36
78462	0.75
78471	1.56
78495	0.73
78498	37.76
78519	8.57
78521	2.03
78525	0.23
78537	2.11
78541	4.54
78544	7.16
78572	7.22
78582	1.12
78603	2.05
78615	2.49
78643	1.87
78653	24.33
78654	12.61
78660	0.40
78673	8.56
78680	80.88
78683	4.20
78689	39.04
78705	93.78
78733	114.89
78773	57.74
78843	2.49
78886	1.90
78892	1.92
78893	7.99
78894	2.44
78978	0.25
78988	5.27
79007	5.85
79035	2.89
79054	5.02
79055	4.27
79058	2.04
79064	17.13
79068	6.39
79097	37.76
79098	2.62
79104	9.28
79114	15.72
79130	17.73
79291	8.48
79293	6.65
79382	45.60
79392	1.34
79397	7.60
79403	3.92
79407	0.24
79409	1.60
79412	2.55
79418	5.83
79426	2.99
79430	21.16
79461	4.78
79464	32.49
79466	57.91
79558	0.56
79567	0.10
79835	3.95
79893	10.04
79894	3.25
79901	8.85
79912	10.01
79913	9.84
79928	11.38
81752	3.90
81754	3.23
81762	2.86
81773	12.70
81776	0.46
81783	7.43
81786	3.39
81789	4.98
81795	9.69
81832	1.69
81847	6.44
81848	3.41
81860	2.43
81868	2.56
81870	0.67
81871	1.67
81888	18.76
81912	19.10
81918	0.56
81938	0.93
81940	6.52
81943	4.52
81946	1.02
81961	12.98
81974	7.85
81976	2.01
81985	6.04
81995	19.32
82000	26.44
82007	2.34
82035	1.45
82058	7.12
82059	2.77
82089	51.55
82135	1.03
82182	24.65
82215	7.15
82226	23.45
82230	70.09
82234	90.59
82260	13.73
82273	3.41
82281	0.66
82295	7.80
82298	14.86
82321	15.23
82335	4.14
82345	92.45
82346	33.58
82357	4.73
82389	1.10
82399	3.02
82409	11.69
82464	0.56
82521	14.02
82522	17.15
82531	1.87
82532	13.45
82536	6.30
82552	77.45
82558	10.89
82559	0.17
82565	2.36
82584	1.57
82595	79.18
82622	0.04
82647	5.58
82668	33.48
82672	9.69
82698	0.95
82717	12.06
82719	8.62
82754	10.96
82755	11.88
82779	11.98
83191	6.07
83193	8.60
83198	6.90
83209	0.12
83210	0.08
83257	26.50
83290	2.38
83674	7.64
83683	1.90
83685	0.50
83690	7.18
83691	0.80
83703	2.31
83736	62.62
83751	34.98
83753	5.54
83768	31.12
83784	1.14
83799	0.70
83811	2.55
83843	5.15
83844	6.51
83853	2.31
83866	7.28
83894	3.52
83930	9.14
83960	11.78
83962	15.58
83964	33.89
83965	53.60
83969	25.07
83974	4.14
83975	5.59
83979	30.92
83989	54.07
84002	0.28
84030	31.73
84035	4.40
84067	49.21
84080	21.33
84085	22.80
84092	38.87
84103	9.98
84110	23.91
84113	16.49
84124	53.32
84125	3.73
84130	17.60
84139	39.40
84140	19.44
84143	1.89
84165	28.20
84173	42.37
84176	11.84
84181	17.39
84215	9.07
84219	16.30
84222	2.61
84223	13.77
84224	1.17
84233	10.22
84236	19.62
84240	1.95
84243	7.36
84244	7.73
84263	2.12
84265	22.12
84266	5.44
84275	1.84
84279	2.33
84282	15.13
84299	7.52
84310	47.60
84316	10.75
84318	30.02
84319	12.39
84321	19.89
84328	11.02
84332	8.47
84335	10.05
84341	1.49
84352	7.24
84369	30.24
84370	86.92
84379	17.98
84381	3.51
84384	11.99
84403	0.89
84405	2.35
84463	3.03
84470	0.19
84567	3.73
84624	7.52
84628	7.75
84655	10.32
84656	1.57
84669	6.68
84810	4.73
84816	2.55
84820	1.39
84825	0.17
84834	3.88
84837	1.33
84845	1.33
84846	1.52
84850	1.16
84852	1.39
84853	0.50
84854	0.75
84855	1.68
84863	17.99
84866	6.14
84879	1.83
84958	16.11
84967	12.09
84968	7.80
84979	10.55
84980	6.58
84984	8.06
84989	6.17
84994	8.71
85001	23.39
85007	4.65
85025	0.21
85072	0.59
85074	2.95
85075	36.13
85080	2.83
85128	25.75
86053	9.67
86066	6.48
86219	2.50
86233	7.83
86639	4.65
86656	12.22
86660	14.43
86663	10.88
86690	6.28
86712	3.49
86721	2.76
86730	8.94
86743	17.92
86802	14.55
86806	3.78
86810	11.40
86820	5.84
86832	48.88
86834	5.29
86861	16.92
86897	1.44
86914	9.97
86940	2.81
86973	0.99
86984	5.87
86985	11.39
86997	4.90
87008	1.99
87014	17.44
87034	0.82
87039	3.87
87058	16.75
87063	10.98
87071	4.61
87077	14.80
87081	6.54
87084	4.85
87087	11.53
87097	9.49
87109	21.57
87124	14.63
87379	35.23
87380	1.85
87385	2.43
87391	3.38
87392	2.39
87393	1.68
87396	4.04
87397	0.89
87400	0.23
87401	12.63
87495	3.70
87932	23.12
87935	1.28
87944	4.41
87972	9.45
87973	11.46
87975	5.95
88285	9.26
88290	5.05
88314	17.34
88316	4.08
88320	1.54
88321	2.86
88329	6.94
88333	21.28
88335	30.44
88345	1.50
88347	0.33
88349	1.47
88387	4.14
88389	5.34
88392	0.73
88411	3.71
88415	1.75
88422	0.13
88429	6.64
88430	1.19
88446	3.01
88458	20.14
88463	1.98
88474	0.86
88477	0.12
88489	32.83
88502	15.42
88504	23.02
88513	0.08
88523	15.53
88532	26.75
88545	15.27
88546	1.80
88552	0.87
88556	47.29
88569	15.72
88575	35.72
88594	20.46
88598	2.15
88601	0.54
88603	0.50
88608	19.17
88610	3.75
88618	11.39
88619	2.44
88620	10.19
88624	25.11
88627	10.14
88631	16.01
88653	3.91
88659	7.64
88661	13.22
88665	15.41
88667	17.52
88668	1.33
88692	7.36
88713	6.54
88721	10.52
88732	4.73
88733	4.78
88734	5.15
88741	13.67
88748	8.25
88831	22.71
88835	25.56
88838	21.52
88843	10.08
88849	1.54
88853	42.67
88856	3.32
88857	20.77
88860	15.07
88870	25.30
88873	17.15
88876	1.39
88878	0.37
88879	0.40
88887	14.48
88888	50.79
88892	1.00
88912	1.12
88921	2.45
88933	0.07
88942	5.24
88944	2.20
88945	6.88
88960	4.85
88963	0.37
88974	6.76
88979	0.53
88990	8.83
88991	2.13
89012	0.55
89016	0.19
89017	1.61
89024	0.48
89029	1.65
89034	1.67
89041	14.38
89044	1.30
89046	1.31
89062	3.39
89068	3.10
89069	3.19
89072	0.38
89073	0.24
89079	4.32
89084	0.07
89096	6.67
89099	1.26
89105	1.62
89118	4.27
89121	2.56
89124	14.82
89139	0.79
89140	0.24
89142	1.61
89148	10.81
89150	11.86
89154	3.92
89161	0.57
89165	1.75
89168	0.41
89172	14.98
89185	9.27
89192	6.15
89193	0.31
89200	0.26
89201	5.08
89218	24.98
89234	2.36
89262	15.11
89266	14.61
89281	11.79
89286	15.02
89311	20.77
89313	13.11
89314	2.39
89319	7.04
89328	12.52
89351	9.96
89353	27.30
89355	6.29
89379	0.61
89387	13.39
89388	24.40
89393	3.19
89394	0.12
89400	5.12
89547	33.22
89778	14.24
89785	5.92
89789	6.69
89795	0.71
89797	6.24
89815	0.71
89824	14.90
89948	1.79
